3 0.0 1.0 1 1 1 2499.0 2499 2499 2499 4.0 4 4 4 
3 0.01 1.291 1 1 1 2498.709 2499 2499 2499 4.519 4 4 4 
3 0.02 1.761 1 1 2 2498.239 2498 2499 2499 5.23 4 4 6 
3 0.03 2.653 1 2 3 2497.347 2497 2498 2499 6.358 4 5 8 
3 0.04 3.944 1 2 5 2496.056 2495 2498 2499 7.663 4 6 10 
3 0.05 6.874 1 3 9 2493.126 2491 2497 2499 9.972 4 7 13 
3 0.06 14.473 2 6 19 2485.527 2482 2494 2498 14.524 6 11 20 
3 0.07 35.219 3 13 46 2464.781 2454 2487 2497 22.638 7 15 31 
3 0.08 137.426 5 46 220 2362.574 2282 2454 2495 46.391 10 30 76 
3 0.09 537.134 17 459 939 1962.866 1564 2041 2483 88.314 17 101 136 
3 0.1 1354.185 1153 1694 1864 1145.815 636 806 1353 120.628 105 130 156 
3 0.11 1844.705 2003 2091 2143 655.295 357 410 498 107.251 100 113 128 
3 0.12 2056.917 2209 2244 2269 443.083 231 257 292 91.291 89 96 103 
3 0.13 2206.195 2303 2324 2340 293.805 160 176 197 83.569 81 86 91 
3 0.14 2301.368 2363 2376 2387 198.632 113 124 137 77.79 75 79 83 
3 0.15 2363.518 2400 2410 2419 136.482 81 90 101 72.766 71 74 77 
3 0.16 2397.005 2426 2433 2441 102.995 59 67 74 69.232 67 70 73 
3 0.17 2406.279 2444 2451 2456 93.721 44 49 56 65.681 64 66 69 
3 0.18 2440.594 2458 2463 2468 59.406 32 37 42 63.259 62 63 66 
3 0.19 2452.007 2468 2472 2476 47.993 24 28 32 60.87 59 61 63 
3 0.2 2466.193 2475 2479 2482 33.807 18 21 25 58.864 57 59 61 
3 0.21 2466.232 2481 2484 2487 33.768 13 16 19 56.982 56 57 59 
3 0.22 2470.159 2485 2488 2490 29.841 10 12 15 55.455 54 56 57 
3 0.23 2488.032 2488 2491 2493 11.968 7 9 12 54.191 53 54 56 
3 0.24 2482.832 2491 2493 2495 17.168 5 7 9 52.755 51 53 54 
3 0.25 2491.868 2493 2495 2496 8.132 4 5 7 51.599 50 52 53 
3 0.26 2493.141 2494 2496 2497 6.859 3 4 6 50.448 49 50 52 
3 0.27 2496.601 2495 2497 2498 3.399 2 3 5 49.565 48 49 51 
3 0.28 2497.32 2496 2497 2499 2.68 1 3 4 48.471 47 48 50 
3 0.29 2497.992 2497 2498 2499 2.008 1 2 3 47.624 46 47 49 
3 0.3 2498.342 2498 2499 2499 1.658 1 1 2 46.811 46 47 48 
3 0.31 2498.685 2498 2499 2500 1.315 0 1 2 46.142 45 46 47 
3 0.32 2499.014 2499 2499 2500 0.986 0 1 1 45.426 44 45 46 
3 0.33 2499.253 2499 2499 2500 0.747 0 1 1 44.634 44 44 46 
3 0.34 2499.407 2499 2500 2500 0.593 0 0 1 44.02 43 44 45 
3 0.35 2499.535 2499 2500 2500 0.465 0 0 1 43.373 42 43 44 
3 0.36 2499.64 2499 2500 2500 0.36 0 0 1 42.846 42 43 44 
3 0.37 2499.697 2499 2500 2500 0.303 0 0 1 42.319 41 42 43 
3 0.38 2499.767 2500 2500 2500 0.233 0 0 0 41.781 41 42 43 
3 0.39 2499.821 2500 2500 2500 0.179 0 0 0 41.343 40 41 42 
3 0.4 2499.86 2500 2500 2500 0.14 0 0 0 40.756 40 41 41 
3 0.41 2499.898 2500 2500 2500 0.102 0 0 0 40.428 40 40 41 
3 0.42 2499.925 2500 2500 2500 0.075 0 0 0 40.016 39 40 41 
3 0.43 2499.941 2500 2500 2500 0.059 0 0 0 39.659 39 40 40 
3 0.44 2499.937 2500 2500 2500 0.063 0 0 0 39.222 38 39 40 
3 0.45 2499.957 2500 2500 2500 0.043 0 0 0 38.867 38 39 40 
3 0.46 2499.955 2500 2500 2500 0.045 0 0 0 38.51 38 38 39 
3 0.47 2499.969 2500 2500 2500 0.031 0 0 0 38.18 37 38 39 
3 0.48 2499.985 2500 2500 2500 0.015 0 0 0 37.949 37 38 39 
3 0.49 2499.983 2500 2500 2500 0.017 0 0 0 37.558 37 38 38 
3 0.5 2499.984 2500 2500 2500 0.016 0 0 0 37.316 37 37 38 
3 0.51 2499.987 2500 2500 2500 0.013 0 0 0 37.07 36 37 38 
3 0.52 2499.999 2500 2500 2500 0.001 0 0 0 36.763 36 37 37 
3 0.53 2499.994 2500 2500 2500 0.006 0 0 0 36.5 36 36 37 
3 0.54 2499.995 2500 2500 2500 0.005 0 0 0 36.233 36 36 37 
3 0.55 2499.995 2500 2500 2500 0.005 0 0 0 36.002 35 36 37 
3 0.56 2499.999 2500 2500 2500 0.001 0 0 0 35.723 35 36 36 
3 0.57 2499.999 2500 2500 2500 0.001 0 0 0 35.506 35 35 36 
3 0.58 2499.997 2500 2500 2500 0.003 0 0 0 35.298 35 35 36 
3 0.59 2499.999 2500 2500 2500 0.001 0 0 0 35.08 35 35 36 
3 0.6 2500.0 2500 2500 2500 0.0 0 0 0 34.924 34 35 35 
3 0.61 2499.999 2500 2500 2500 0.001 0 0 0 34.69 34 35 35 
3 0.62 2499.998 2500 2500 2500 0.002 0 0 0 34.519 34 35 35 
3 0.63 2499.999 2500 2500 2500 0.001 0 0 0 34.267 34 34 35 
3 0.64 2499.999 2500 2500 2500 0.001 0 0 0 34.16 34 34 35 
3 0.65 2499.999 2500 2500 2500 0.001 0 0 0 33.908 33 34 34 
3 0.66 2500.0 2500 2500 2500 0.0 0 0 0 33.75 33 34 34 
3 0.67 2500.0 2500 2500 2500 0.0 0 0 0 33.638 33 34 34 
3 0.68 2500.0 2500 2500 2500 0.0 0 0 0 33.462 33 33 34 
3 0.69 2500.0 2500 2500 2500 0.0 0 0 0 33.28 33 33 34 
3 0.7 2500.0 2500 2500 2500 0.0 0 0 0 33.162 33 33 34 
3 0.71 2500.0 2500 2500 2500 0.0 0 0 0 32.978 33 33 33 
3 0.72 2500.0 2500 2500 2500 0.0 0 0 0 32.815 32 33 33 
3 0.73 2500.0 2500 2500 2500 0.0 0 0 0 32.718 32 33 33 
3 0.74 2500.0 2500 2500 2500 0.0 0 0 0 32.552 32 33 33 
3 0.75 2500.0 2500 2500 2500 0.0 0 0 0 32.384 32 32 33 
3 0.76 2500.0 2500 2500 2500 0.0 0 0 0 32.262 32 32 33 
3 0.77 2500.0 2500 2500 2500 0.0 0 0 0 32.134 32 32 32 
3 0.78 2500.0 2500 2500 2500 0.0 0 0 0 31.984 32 32 32 
3 0.79 2500.0 2500 2500 2500 0.0 0 0 0 31.901 32 32 32 
3 0.8 2500.0 2500 2500 2500 0.0 0 0 0 31.758 31 32 32 
3 0.81 2500.0 2500 2500 2500 0.0 0 0 0 31.602 31 32 32 
3 0.82 2500.0 2500 2500 2500 0.0 0 0 0 31.52 31 31 32 
3 0.83 2500.0 2500 2500 2500 0.0 0 0 0 31.405 31 31 32 
3 0.84 2500.0 2500 2500 2500 0.0 0 0 0 31.313 31 31 32 
3 0.85 2500.0 2500 2500 2500 0.0 0 0 0 31.13 31 31 31 
3 0.86 2500.0 2500 2500 2500 0.0 0 0 0 31.062 31 31 31 
3 0.87 2500.0 2500 2500 2500 0.0 0 0 0 30.941 31 31 31 
3 0.88 2500.0 2500 2500 2500 0.0 0 0 0 30.809 30 31 31 
3 0.89 2500.0 2500 2500 2500 0.0 0 0 0 30.688 30 31 31 
3 0.9 2500.0 2500 2500 2500 0.0 0 0 0 30.531 30 31 31 
3 0.91 2500.0 2500 2500 2500 0.0 0 0 0 30.44 30 30 31 
3 0.92 2500.0 2500 2500 2500 0.0 0 0 0 30.322 30 30 31 
3 0.93 2500.0 2500 2500 2500 0.0 0 0 0 30.213 30 30 30 
3 0.94 2500.0 2500 2500 2500 0.0 0 0 0 30.095 30 30 30 
3 0.95 2500.0 2500 2500 2500 0.0 0 0 0 29.958 30 30 30 
3 0.96 2500.0 2500 2500 2500 0.0 0 0 0 29.85 30 30 30 
3 0.97 2500.0 2500 2500 2500 0.0 0 0 0 29.677 29 30 30 
3 0.98 2500.0 2500 2500 2500 0.0 0 0 0 29.507 29 30 30 
3 0.99 2500.0 2500 2500 2500 0.0 0 0 0 29.258 29 29 30 
3 1.0 2500.0 2500 2500 2500 0.0 0 0 0 29.0 29 29 29 
