5 0.0 1.0 1 1 1 2499.0 2499 2499 2499 6.0 6 6 6 
5 0.01 1.579 1 1 2 2498.421 2498 2499 2499 7.459 6 6 8 
5 0.02 2.859 1 2 4 2497.141 2496 2498 2499 9.998 6 8 12 
5 0.03 6.765 1 3 8 2493.235 2492 2497 2499 14.922 6 11 20 
5 0.04 22.283 2 9 29 2477.717 2471 2491 2498 26.957 9 19 37 
5 0.05 174.463 6 67 296 2325.537 2205 2434 2494 76.303 15 55 127 
5 0.06 1218.42 846 1509 1752 1281.58 749 992 1657 179.84 150 191 239 
5 0.07 1971.99 2111 2170 2206 528.01 294 330 389 147.149 142 154 170 
5 0.08 2205.809 2304 2325 2339 294.191 161 176 196 121.74 118 126 134 
5 0.09 2316.316 2383 2396 2406 183.684 94 104 117 107.301 104 109 115 
5 0.1 2408.718 2429 2436 2442 91.282 58 64 71 98.722 95 99 104 
5 0.11 2439.064 2453 2459 2464 60.936 36 41 47 90.939 88 91 95 
5 0.12 2461.05 2469 2474 2478 38.95 22 26 31 85.207 82 85 88 
5 0.13 2470.077 2479 2483 2486 29.923 14 17 21 80.118 77 80 83 
5 0.14 2483.274 2486 2488 2491 16.726 9 12 14 76.047 74 76 79 
5 0.15 2489.587 2490 2492 2494 10.413 6 8 10 72.571 70 72 75 
5 0.16 2492.13 2493 2495 2496 7.87 4 5 7 69.79 68 70 72 
5 0.17 2496.285 2495 2497 2498 3.715 2 3 5 67.291 65 67 69 
5 0.18 2494.873 2496 2498 2499 5.127 1 2 4 64.848 63 65 67 
5 0.19 2498.195 2497 2498 2499 1.805 1 2 3 62.79 61 62 64 
5 0.2 2496.293 2498 2499 2500 3.707 0 1 2 60.781 59 61 62 
5 0.21 2499.113 2499 2499 2500 0.887 0 1 1 59.172 58 59 61 
5 0.22 2499.386 2499 2500 2500 0.614 0 0 1 57.506 56 57 59 
5 0.23 2499.587 2499 2500 2500 0.413 0 0 1 56.249 55 56 58 
5 0.24 2499.709 2500 2500 2500 0.291 0 0 0 54.853 53 55 56 
5 0.25 2499.763 2500 2500 2500 0.237 0 0 0 53.608 52 54 55 
5 0.26 2499.84 2500 2500 2500 0.16 0 0 0 52.606 51 52 54 
5 0.27 2499.901 2500 2500 2500 0.099 0 0 0 51.486 50 51 53 
5 0.28 2499.917 2500 2500 2500 0.083 0 0 0 50.582 49 50 52 
5 0.29 2499.94 2500 2500 2500 0.06 0 0 0 49.657 48 50 51 
5 0.3 2499.949 2500 2500 2500 0.051 0 0 0 48.889 48 49 50 
5 0.31 2499.96 2500 2500 2500 0.04 0 0 0 48.047 47 48 49 
5 0.32 2499.979 2500 2500 2500 0.021 0 0 0 47.344 46 47 48 
5 0.33 2499.982 2500 2500 2500 0.018 0 0 0 46.694 46 47 48 
5 0.34 2499.993 2500 2500 2500 0.007 0 0 0 46.137 45 46 47 
5 0.35 2499.993 2500 2500 2500 0.007 0 0 0 45.43 44 45 46 
5 0.36 2499.991 2500 2500 2500 0.009 0 0 0 44.93 44 45 46 
5 0.37 2499.997 2500 2500 2500 0.003 0 0 0 44.296 43 44 45 
5 0.38 2499.997 2500 2500 2500 0.003 0 0 0 43.857 43 44 45 
5 0.39 2499.998 2500 2500 2500 0.002 0 0 0 43.335 42 43 44 
5 0.4 2499.995 2500 2500 2500 0.005 0 0 0 42.882 42 43 44 
5 0.41 2499.999 2500 2500 2500 0.001 0 0 0 42.485 42 42 43 
5 0.42 2499.999 2500 2500 2500 0.001 0 0 0 42.099 41 42 43 
5 0.43 2500.0 2500 2500 2500 0.0 0 0 0 41.67 41 42 42 
5 0.44 2499.999 2500 2500 2500 0.001 0 0 0 41.293 40 41 42 
5 0.45 2500.0 2500 2500 2500 0.0 0 0 0 40.892 40 41 42 
5 0.46 2499.999 2500 2500 2500 0.001 0 0 0 40.595 40 41 41 
5 0.47 2499.999 2500 2500 2500 0.001 0 0 0 40.266 39 40 41 
5 0.48 2500.0 2500 2500 2500 0.0 0 0 0 39.941 39 40 41 
5 0.49 2500.0 2500 2500 2500 0.0 0 0 0 39.558 39 39 40 
5 0.5 2500.0 2500 2500 2500 0.0 0 0 0 39.318 39 39 40 
5 0.51 2500.0 2500 2500 2500 0.0 0 0 0 39.025 38 39 40 
5 0.52 2500.0 2500 2500 2500 0.0 0 0 0 38.773 38 39 39 
5 0.53 2500.0 2500 2500 2500 0.0 0 0 0 38.535 38 38 39 
5 0.54 2500.0 2500 2500 2500 0.0 0 0 0 38.244 38 38 39 
5 0.55 2500.0 2500 2500 2500 0.0 0 0 0 37.95 37 38 38 
5 0.56 2500.0 2500 2500 2500 0.0 0 0 0 37.751 37 38 38 
5 0.57 2500.0 2500 2500 2500 0.0 0 0 0 37.548 37 37 38 
5 0.58 2500.0 2500 2500 2500 0.0 0 0 0 37.267 37 37 38 
5 0.59 2500.0 2500 2500 2500 0.0 0 0 0 37.109 37 37 38 
5 0.6 2500.0 2500 2500 2500 0.0 0 0 0 36.925 36 37 37 
5 0.61 2500.0 2500 2500 2500 0.0 0 0 0 36.685 36 37 37 
5 0.62 2500.0 2500 2500 2500 0.0 0 0 0 36.501 36 36 37 
5 0.63 2500.0 2500 2500 2500 0.0 0 0 0 36.285 36 36 37 
5 0.64 2500.0 2500 2500 2500 0.0 0 0 0 36.135 36 36 37 
5 0.65 2500.0 2500 2500 2500 0.0 0 0 0 35.987 35 36 36 
5 0.66 2500.0 2500 2500 2500 0.0 0 0 0 35.75 35 36 36 
5 0.67 2500.0 2500 2500 2500 0.0 0 0 0 35.638 35 36 36 
5 0.68 2500.0 2500 2500 2500 0.0 0 0 0 35.462 35 35 36 
5 0.69 2500.0 2500 2500 2500 0.0 0 0 0 35.28 35 35 36 
5 0.7 2500.0 2500 2500 2500 0.0 0 0 0 35.162 35 35 36 
5 0.71 2500.0 2500 2500 2500 0.0 0 0 0 34.978 35 35 35 
5 0.72 2500.0 2500 2500 2500 0.0 0 0 0 34.815 34 35 35 
5 0.73 2500.0 2500 2500 2500 0.0 0 0 0 34.718 34 35 35 
5 0.74 2500.0 2500 2500 2500 0.0 0 0 0 34.552 34 35 35 
5 0.75 2500.0 2500 2500 2500 0.0 0 0 0 34.384 34 34 35 
5 0.76 2500.0 2500 2500 2500 0.0 0 0 0 34.262 34 34 35 
5 0.77 2500.0 2500 2500 2500 0.0 0 0 0 34.134 34 34 34 
5 0.78 2500.0 2500 2500 2500 0.0 0 0 0 33.984 34 34 34 
5 0.79 2500.0 2500 2500 2500 0.0 0 0 0 33.901 34 34 34 
5 0.8 2500.0 2500 2500 2500 0.0 0 0 0 33.758 33 34 34 
5 0.81 2500.0 2500 2500 2500 0.0 0 0 0 33.602 33 34 34 
5 0.82 2500.0 2500 2500 2500 0.0 0 0 0 33.52 33 33 34 
5 0.83 2500.0 2500 2500 2500 0.0 0 0 0 33.405 33 33 34 
5 0.84 2500.0 2500 2500 2500 0.0 0 0 0 33.313 33 33 34 
5 0.85 2500.0 2500 2500 2500 0.0 0 0 0 33.13 33 33 33 
5 0.86 2500.0 2500 2500 2500 0.0 0 0 0 33.062 33 33 33 
5 0.87 2500.0 2500 2500 2500 0.0 0 0 0 32.941 33 33 33 
5 0.88 2500.0 2500 2500 2500 0.0 0 0 0 32.809 32 33 33 
5 0.89 2500.0 2500 2500 2500 0.0 0 0 0 32.688 32 33 33 
5 0.9 2500.0 2500 2500 2500 0.0 0 0 0 32.531 32 33 33 
5 0.91 2500.0 2500 2500 2500 0.0 0 0 0 32.44 32 32 33 
5 0.92 2500.0 2500 2500 2500 0.0 0 0 0 32.322 32 32 33 
5 0.93 2500.0 2500 2500 2500 0.0 0 0 0 32.213 32 32 32 
5 0.94 2500.0 2500 2500 2500 0.0 0 0 0 32.095 32 32 32 
5 0.95 2500.0 2500 2500 2500 0.0 0 0 0 31.958 32 32 32 
5 0.96 2500.0 2500 2500 2500 0.0 0 0 0 31.85 32 32 32 
5 0.97 2500.0 2500 2500 2500 0.0 0 0 0 31.677 31 32 32 
5 0.98 2500.0 2500 2500 2500 0.0 0 0 0 31.507 31 32 32 
5 0.99 2500.0 2500 2500 2500 0.0 0 0 0 31.258 31 31 32 
5 1.0 2500.0 2500 2500 2500 0.0 0 0 0 31.0 31 31 31 
