2 0.0 1.0 1 1 1 2499.0 2499 2499 2499 3.0 3 3 3 
2 0.01 1.187 1 1 1 2498.813 2499 2499 2499 3.273 3 3 3 
2 0.02 1.444 1 1 2 2498.556 2498 2499 2499 3.606 3 3 4 
2 0.03 1.825 1 1 2 2498.175 2498 2499 2499 3.989 3 3 5 
2 0.04 2.301 1 1 3 2497.699 2497 2499 2499 4.471 3 3 5 
2 0.05 3.082 1 2 4 2496.918 2496 2498 2499 5.071 3 4 6 
2 0.06 4.187 1 2 5 2495.813 2495 2498 2499 5.964 3 5 7 
2 0.07 6.119 1 3 8 2493.881 2492 2497 2499 7.042 3 5 9 
2 0.08 9.409 1 4 13 2490.591 2487 2496 2499 8.748 3 7 12 
2 0.09 15.589 2 7 20 2484.411 2480 2493 2498 11.111 4 8 15 
2 0.1 29.091 2 11 38 2470.909 2462 2489 2498 15.399 5 11 21 
2 0.11 64.291 3 22 92 2435.709 2409 2479 2497 23.338 5 15 33 
2 0.12 174.328 7 60 279 2325.672 2222 2440 2493 39.286 8 26 63 
2 0.13 481.878 20 400 838 2018.122 1664 2101 2481 65.127 14 74 99 
2 0.14 1003.013 104 1230 1586 1496.987 914 1278 2401 87.641 33 97 121 
2 0.15 1509.409 1508 1864 1972 990.591 528 637 993 92.164 82 97 118 
2 0.16 1851.705 2007 2086 2135 648.295 366 415 496 83.205 78 86 98 
2 0.17 1994.205 2161 2207 2236 505.795 264 293 340 73.295 71 77 85 
2 0.18 2126.316 2254 2282 2301 373.684 199 219 246 67.989 66 71 76 
2 0.19 2202.242 2312 2332 2346 297.758 154 168 188 63.522 62 66 70 
2 0.2 2289.752 2355 2369 2380 210.248 120 131 145 60.972 59 62 65 
2 0.21 2303.547 2383 2396 2405 196.453 95 104 117 57.73 57 59 62 
2 0.22 2322.555 2407 2417 2425 177.445 75 83 93 55.212 55 57 59 
2 0.23 2399.296 2426 2434 2441 100.704 59 66 74 54.787 53 55 57 
2 0.24 2404.794 2440 2447 2453 95.206 47 53 60 52.611 52 53 55 
2 0.25 2422.061 2451 2457 2463 77.939 37 43 49 51.316 50 52 54 
2 0.26 2432.626 2460 2465 2470 67.374 30 35 40 49.875 49 50 52 
2 0.27 2451.108 2467 2471 2476 48.892 25 29 33 48.854 48 49 51 
2 0.28 2464.265 2473 2477 2481 35.735 19 23 27 47.99 47 48 50 
2 0.29 2471.104 2478 2482 2485 28.896 16 19 22 46.83 46 47 48 
2 0.3 2459.51 2481 2485 2488 40.49 12 15 19 45.794 45 46 47 
2 0.31 2477.361 2485 2488 2490 22.639 10 12 15 45.069 44 45 46 
2 0.32 2482.035 2487 2490 2492 17.965 8 10 13 44.286 43 44 45 
2 0.33 2483.908 2489 2492 2494 16.092 6 8 11 43.704 43 44 45 
2 0.34 2493.001 2491 2493 2495 6.999 5 7 9 43.109 42 43 44 
2 0.35 2489.208 2493 2494 2496 10.792 4 6 7 42.422 41 42 43 
2 0.36 2492.883 2494 2496 2497 7.117 3 4 6 41.871 41 42 43 
2 0.37 2491.292 2495 2496 2498 8.708 2 4 5 41.284 40 41 42 
2 0.38 2496.758 2496 2497 2498 3.242 2 3 4 40.821 40 41 42 
2 0.39 2497.285 2496 2498 2499 2.715 1 2 4 40.329 39 40 41 
2 0.4 2497.741 2497 2498 2499 2.259 1 2 3 39.912 39 40 41 
2 0.41 2498.234 2498 2498 2499 1.766 1 2 2 39.469 39 39 40 
2 0.42 2498.55 2498 2499 2499 1.45 1 1 2 39.011 38 39 40 
2 0.43 2498.815 2498 2499 2500 1.185 0 1 2 38.55 38 38 39 
2 0.44 2499.002 2498 2499 2500 0.998 0 1 2 38.188 37 38 39 
2 0.45 2499.19 2499 2499 2500 0.81 0 1 1 37.907 37 38 39 
2 0.46 2499.315 2499 2500 2500 0.685 0 0 1 37.566 37 37 38 
2 0.47 2499.449 2499 2500 2500 0.551 0 0 1 37.212 36 37 38 
2 0.48 2499.555 2499 2500 2500 0.445 0 0 1 36.844 36 37 37 
2 0.49 2499.643 2499 2500 2500 0.357 0 0 1 36.618 36 37 37 
2 0.5 2499.704 2500 2500 2500 0.296 0 0 1 36.325 36 36 37 
2 0.51 2499.78 2500 2500 2500 0.22 0 0 0 35.971 35 36 37 
2 0.52 2499.814 2500 2500 2500 0.186 0 0 0 35.706 35 36 36 
2 0.53 2499.832 2500 2500 2500 0.168 0 0 0 35.535 35 35 36 
2 0.54 2499.885 2500 2500 2500 0.115 0 0 0 35.27 35 35 36 
2 0.55 2499.887 2500 2500 2500 0.113 0 0 0 34.946 34 35 35 
2 0.56 2499.918 2500 2500 2500 0.082 0 0 0 34.792 34 35 35 
2 0.57 2499.918 2500 2500 2500 0.082 0 0 0 34.552 34 35 35 
2 0.58 2499.954 2500 2500 2500 0.046 0 0 0 34.293 34 34 35 
2 0.59 2499.95 2500 2500 2500 0.05 0 0 0 34.053 34 34 35 
2 0.6 2499.964 2500 2500 2500 0.036 0 0 0 33.878 33 34 34 
2 0.61 2499.97 2500 2500 2500 0.03 0 0 0 33.708 33 34 34 
2 0.62 2499.983 2500 2500 2500 0.017 0 0 0 33.489 33 33 34 
2 0.63 2499.981 2500 2500 2500 0.019 0 0 0 33.342 33 33 34 
2 0.64 2499.989 2500 2500 2500 0.011 0 0 0 33.138 33 33 34 
2 0.65 2499.986 2500 2500 2500 0.014 0 0 0 32.96 32 33 33 
2 0.66 2499.994 2500 2500 2500 0.006 0 0 0 32.757 32 33 33 
2 0.67 2499.992 2500 2500 2500 0.008 0 0 0 32.634 32 33 33 
2 0.68 2499.992 2500 2500 2500 0.008 0 0 0 32.42 32 32 33 
2 0.69 2499.995 2500 2500 2500 0.005 0 0 0 32.269 32 32 33 
2 0.7 2499.997 2500 2500 2500 0.003 0 0 0 32.178 32 32 33 
2 0.71 2499.994 2500 2500 2500 0.006 0 0 0 31.99 32 32 32 
2 0.72 2499.995 2500 2500 2500 0.005 0 0 0 31.824 31 32 32 
2 0.73 2499.999 2500 2500 2500 0.001 0 0 0 31.731 31 32 32 
2 0.74 2499.998 2500 2500 2500 0.002 0 0 0 31.54 31 31 32 
2 0.75 2499.999 2500 2500 2500 0.001 0 0 0 31.404 31 31 32 
2 0.76 2499.999 2500 2500 2500 0.001 0 0 0 31.264 31 31 32 
2 0.77 2500.0 2500 2500 2500 0.0 0 0 0 31.135 31 31 31 
2 0.78 2499.999 2500 2500 2500 0.001 0 0 0 31.008 31 31 31 
2 0.79 2500.0 2500 2500 2500 0.0 0 0 0 30.901 31 31 31 
2 0.8 2500.0 2500 2500 2500 0.0 0 0 0 30.758 30 31 31 
2 0.81 2500.0 2500 2500 2500 0.0 0 0 0 30.602 30 31 31 
2 0.82 2500.0 2500 2500 2500 0.0 0 0 0 30.52 30 30 31 
2 0.83 2500.0 2500 2500 2500 0.0 0 0 0 30.405 30 30 31 
2 0.84 2500.0 2500 2500 2500 0.0 0 0 0 30.313 30 30 31 
2 0.85 2500.0 2500 2500 2500 0.0 0 0 0 30.13 30 30 30 
2 0.86 2500.0 2500 2500 2500 0.0 0 0 0 30.062 30 30 30 
2 0.87 2500.0 2500 2500 2500 0.0 0 0 0 29.941 30 30 30 
2 0.88 2500.0 2500 2500 2500 0.0 0 0 0 29.809 29 30 30 
2 0.89 2500.0 2500 2500 2500 0.0 0 0 0 29.688 29 30 30 
2 0.9 2500.0 2500 2500 2500 0.0 0 0 0 29.531 29 30 30 
2 0.91 2500.0 2500 2500 2500 0.0 0 0 0 29.44 29 29 30 
2 0.92 2500.0 2500 2500 2500 0.0 0 0 0 29.322 29 29 30 
2 0.93 2500.0 2500 2500 2500 0.0 0 0 0 29.213 29 29 29 
2 0.94 2500.0 2500 2500 2500 0.0 0 0 0 29.095 29 29 29 
2 0.95 2500.0 2500 2500 2500 0.0 0 0 0 28.958 29 29 29 
2 0.96 2500.0 2500 2500 2500 0.0 0 0 0 28.85 29 29 29 
2 0.97 2500.0 2500 2500 2500 0.0 0 0 0 28.677 28 29 29 
2 0.98 2500.0 2500 2500 2500 0.0 0 0 0 28.507 28 29 29 
2 0.99 2500.0 2500 2500 2500 0.0 0 0 0 28.258 28 28 29 
2 1.0 2500.0 2500 2500 2500 0.0 0 0 0 28.0 28 28 28 
