4 0.0 1.0 1 1 1 2499.0 2499 2499 2499 5.0 5 5 5 
4 0.01 1.429 1 1 2 2498.571 2498 2499 2499 5.961 5 5 6 
4 0.02 2.236 1 1 3 2497.764 2497 2499 2499 7.427 5 5 9 
4 0.03 3.925 1 2 5 2496.075 2495 2498 2499 9.617 5 8 12 
4 0.04 8.25 1 4 11 2491.75 2489 2496 2499 13.515 5 10 18 
4 0.05 24.149 2 10 31 2475.851 2469 2490 2498 23.582 8 17 31 
4 0.06 117.449 4 42 187 2382.551 2314 2458 2496 53.381 11 37 88 
4 0.07 704.114 22 743 1209 1795.886 1292 1763 2478 123.633 23 142 181 
4 0.08 1676.512 1791 1973 2047 823.488 454 528 711 143.669 132 152 174 
4 0.09 2053.746 2183 2224 2252 446.254 248 276 317 116.347 111 120 132 
4 0.1 2203.724 2310 2331 2347 296.276 153 169 190 100.674 98 104 111 
4 0.11 2301.46 2379 2391 2401 198.54 99 109 122 91.113 89 93 98 
4 0.12 2375.367 2418 2427 2434 124.633 66 73 82 85.201 83 86 90 
4 0.13 2415.176 2443 2450 2456 84.824 44 50 57 79.899 77 81 84 
4 0.14 2445.495 2461 2466 2470 54.505 30 34 39 75.718 73 76 79 
4 0.15 2460.514 2472 2476 2479 39.486 21 24 28 71.972 70 72 75 
4 0.16 2477.471 2479 2483 2486 22.529 14 17 21 69.241 67 69 71 
4 0.17 2477.694 2485 2488 2490 22.306 10 12 15 66.234 64 66 68 
4 0.18 2491.0 2489 2491 2493 9.0 7 9 11 63.874 62 64 66 
4 0.19 2488.561 2492 2494 2496 11.439 4 6 8 61.757 60 62 64 
4 0.2 2495.328 2494 2495 2497 4.672 3 5 6 59.911 58 60 62 
4 0.21 2496.733 2496 2497 2498 3.267 2 3 4 58.147 56 58 60 
4 0.22 2494.97 2497 2498 2499 5.03 1 2 3 56.493 55 56 58 
4 0.23 2498.124 2497 2498 2499 1.876 1 2 3 55.133 54 55 57 
4 0.24 2498.578 2498 2499 2499 1.422 1 1 2 53.797 52 54 55 
4 0.25 2498.966 2498 2499 2500 1.034 0 1 2 52.755 51 53 54 
4 0.26 2499.22 2499 2499 2500 0.78 0 1 1 51.462 50 51 53 
4 0.27 2499.412 2499 2500 2500 0.588 0 0 1 50.486 49 50 52 
4 0.28 2499.607 2499 2500 2500 0.393 0 0 1 49.509 48 49 51 
4 0.29 2499.707 2499 2500 2500 0.293 0 0 1 48.762 47 49 50 
4 0.3 2499.744 2500 2500 2500 0.256 0 0 0 47.858 47 48 49 
4 0.31 2499.795 2500 2500 2500 0.205 0 0 0 47.068 46 47 48 
4 0.32 2499.861 2500 2500 2500 0.139 0 0 0 46.325 45 46 47 
4 0.33 2499.882 2500 2500 2500 0.118 0 0 0 45.615 45 46 47 
4 0.34 2499.931 2500 2500 2500 0.069 0 0 0 45.038 44 45 46 
4 0.35 2499.929 2500 2500 2500 0.071 0 0 0 44.478 44 44 45 
4 0.36 2499.947 2500 2500 2500 0.053 0 0 0 43.93 43 44 45 
4 0.37 2499.962 2500 2500 2500 0.038 0 0 0 43.322 42 43 44 
4 0.38 2499.968 2500 2500 2500 0.032 0 0 0 42.781 42 43 44 
4 0.39 2499.977 2500 2500 2500 0.023 0 0 0 42.408 42 42 43 
4 0.4 2499.989 2500 2500 2500 0.011 0 0 0 41.875 41 42 43 
4 0.41 2499.992 2500 2500 2500 0.008 0 0 0 41.45 41 41 42 
4 0.42 2499.994 2500 2500 2500 0.006 0 0 0 41.015 40 41 42 
4 0.43 2499.994 2500 2500 2500 0.006 0 0 0 40.566 40 40 41 
4 0.44 2499.993 2500 2500 2500 0.007 0 0 0 40.245 39 40 41 
4 0.45 2499.997 2500 2500 2500 0.003 0 0 0 39.876 39 40 41 
4 0.46 2499.998 2500 2500 2500 0.002 0 0 0 39.558 39 39 40 
4 0.47 2499.997 2500 2500 2500 0.003 0 0 0 39.211 38 39 40 
4 0.48 2499.998 2500 2500 2500 0.002 0 0 0 38.909 38 39 40 
4 0.49 2499.999 2500 2500 2500 0.001 0 0 0 38.58 38 39 39 
4 0.5 2499.999 2500 2500 2500 0.001 0 0 0 38.333 38 38 39 
4 0.51 2500.0 2500 2500 2500 0.0 0 0 0 38.025 37 38 39 
4 0.52 2499.999 2500 2500 2500 0.001 0 0 0 37.762 37 38 38 
4 0.53 2500.0 2500 2500 2500 0.0 0 0 0 37.535 37 37 38 
4 0.54 2500.0 2500 2500 2500 0.0 0 0 0 37.244 37 37 38 
4 0.55 2499.999 2500 2500 2500 0.001 0 0 0 37.004 36 37 38 
4 0.56 2500.0 2500 2500 2500 0.0 0 0 0 36.751 36 37 37 
4 0.57 2500.0 2500 2500 2500 0.0 0 0 0 36.548 36 36 37 
4 0.58 2500.0 2500 2500 2500 0.0 0 0 0 36.267 36 36 37 
4 0.59 2500.0 2500 2500 2500 0.0 0 0 0 36.11 36 36 37 
4 0.6 2500.0 2500 2500 2500 0.0 0 0 0 35.925 35 36 36 
4 0.61 2500.0 2500 2500 2500 0.0 0 0 0 35.685 35 36 36 
4 0.62 2500.0 2500 2500 2500 0.0 0 0 0 35.501 35 35 36 
4 0.63 2500.0 2500 2500 2500 0.0 0 0 0 35.285 35 35 36 
4 0.64 2500.0 2500 2500 2500 0.0 0 0 0 35.135 35 35 36 
4 0.65 2500.0 2500 2500 2500 0.0 0 0 0 34.987 34 35 35 
4 0.66 2500.0 2500 2500 2500 0.0 0 0 0 34.75 34 35 35 
4 0.67 2500.0 2500 2500 2500 0.0 0 0 0 34.638 34 35 35 
4 0.68 2500.0 2500 2500 2500 0.0 0 0 0 34.462 34 34 35 
4 0.69 2500.0 2500 2500 2500 0.0 0 0 0 34.28 34 34 35 
4 0.7 2500.0 2500 2500 2500 0.0 0 0 0 34.162 34 34 35 
4 0.71 2500.0 2500 2500 2500 0.0 0 0 0 33.978 34 34 34 
4 0.72 2500.0 2500 2500 2500 0.0 0 0 0 33.815 33 34 34 
4 0.73 2500.0 2500 2500 2500 0.0 0 0 0 33.718 33 34 34 
4 0.74 2500.0 2500 2500 2500 0.0 0 0 0 33.552 33 34 34 
4 0.75 2500.0 2500 2500 2500 0.0 0 0 0 33.384 33 33 34 
4 0.76 2500.0 2500 2500 2500 0.0 0 0 0 33.262 33 33 34 
4 0.77 2500.0 2500 2500 2500 0.0 0 0 0 33.134 33 33 33 
4 0.78 2500.0 2500 2500 2500 0.0 0 0 0 32.984 33 33 33 
4 0.79 2500.0 2500 2500 2500 0.0 0 0 0 32.901 33 33 33 
4 0.8 2500.0 2500 2500 2500 0.0 0 0 0 32.758 32 33 33 
4 0.81 2500.0 2500 2500 2500 0.0 0 0 0 32.602 32 33 33 
4 0.82 2500.0 2500 2500 2500 0.0 0 0 0 32.52 32 32 33 
4 0.83 2500.0 2500 2500 2500 0.0 0 0 0 32.405 32 32 33 
4 0.84 2500.0 2500 2500 2500 0.0 0 0 0 32.313 32 32 33 
4 0.85 2500.0 2500 2500 2500 0.0 0 0 0 32.13 32 32 32 
4 0.86 2500.0 2500 2500 2500 0.0 0 0 0 32.062 32 32 32 
4 0.87 2500.0 2500 2500 2500 0.0 0 0 0 31.941 32 32 32 
4 0.88 2500.0 2500 2500 2500 0.0 0 0 0 31.809 31 32 32 
4 0.89 2500.0 2500 2500 2500 0.0 0 0 0 31.688 31 32 32 
4 0.9 2500.0 2500 2500 2500 0.0 0 0 0 31.531 31 32 32 
4 0.91 2500.0 2500 2500 2500 0.0 0 0 0 31.44 31 31 32 
4 0.92 2500.0 2500 2500 2500 0.0 0 0 0 31.322 31 31 32 
4 0.93 2500.0 2500 2500 2500 0.0 0 0 0 31.213 31 31 31 
4 0.94 2500.0 2500 2500 2500 0.0 0 0 0 31.095 31 31 31 
4 0.95 2500.0 2500 2500 2500 0.0 0 0 0 30.958 31 31 31 
4 0.96 2500.0 2500 2500 2500 0.0 0 0 0 30.85 31 31 31 
4 0.97 2500.0 2500 2500 2500 0.0 0 0 0 30.677 30 31 31 
4 0.98 2500.0 2500 2500 2500 0.0 0 0 0 30.507 30 31 31 
4 0.99 2500.0 2500 2500 2500 0.0 0 0 0 30.258 30 30 31 
4 1.0 2500.0 2500 2500 2500 0.0 0 0 0 30.0 30 30 30 
