1 0.0 1.0 1 1 1 2499.0 2499 2499 2499 2.0 2 2 2 
1 0.01 1.097 1 1 1 2498.903 2499 2499 2499 2.096 2 2 2 
1 0.02 1.19 1 1 1 2498.81 2499 2499 2499 2.176 2 2 2 
1 0.03 1.335 1 1 1 2498.665 2499 2499 2499 2.297 2 2 2 
1 0.04 1.478 1 1 2 2498.522 2498 2499 2499 2.403 2 2 3 
1 0.05 1.676 1 1 2 2498.324 2498 2499 2499 2.543 2 2 3 
1 0.06 1.839 1 1 2 2498.161 2498 2499 2499 2.663 2 2 3 
1 0.07 2.119 1 1 3 2497.881 2497 2499 2499 2.824 2 2 3 
1 0.08 2.389 1 1 3 2497.611 2497 2499 2499 3.005 2 2 4 
1 0.09 2.666 1 2 3 2497.334 2497 2498 2499 3.135 2 3 4 
1 0.1 3.136 1 2 4 2496.864 2496 2498 2499 3.426 2 3 4 
1 0.11 3.746 1 2 5 2496.254 2495 2498 2499 3.749 2 3 5 
1 0.12 4.311 1 2 6 2495.689 2494 2498 2499 3.984 2 3 5 
1 0.13 5.231 1 3 7 2494.769 2493 2497 2499 4.362 2 3 6 
1 0.14 6.789 1 4 9 2493.211 2491 2496 2499 4.991 2 4 7 
1 0.15 8.541 1 4 11 2491.459 2489 2496 2499 5.596 2 4 8 
1 0.16 10.767 2 5 14 2489.233 2486 2495 2498 6.219 3 5 8 
1 0.17 14.727 2 7 20 2485.273 2480 2493 2498 7.348 3 5 10 
1 0.18 20.277 2 9 26 2479.723 2475 2491 2498 8.608 3 6 12 
1 0.19 29.08 2 10 36 2470.92 2464 2490 2498 10.308 3 7 14 
1 0.2 46.773 3 19 63 2453.227 2437 2481 2497 13.248 4 9 19 
1 0.21 73.357 4 29 103 2426.643 2397 2471 2496 16.858 4 12 26 
1 0.22 125.492 3 37 190 2374.508 2310 2463 2497 22.211 4 14 37 
1 0.23 230.106 7 92 382 2269.894 2119 2409 2493 29.833 5 22 51 
1 0.24 407.803 7 314 736 2092.197 1765 2188 2493 41.751 6 44 68 
1 0.25 694.799 38 725 1177 1805.201 1325 1779 2467 53.612 13 60 77 
1 0.26 1041.082 392 1268 1598 1458.918 902 1233 2114 62.968 46 69 86 
1 0.27 1346.987 1116 1674 1847 1153.013 653 829 1393 64.373 57 69 84 
1 0.28 1603.988 1687 1911 2001 896.012 499 590 817 63.574 57 66 78 
1 0.29 1821.826 1956 2045 2104 678.174 396 455 545 61.331 56 63 72 
1 0.3 1877.73 2069 2132 2173 622.27 327 368 432 54.796 53 58 65 
1 0.31 2016.536 2156 2201 2231 483.464 269 299 344 52.289 50 54 60 
1 0.32 2034.266 2212 2247 2274 465.734 227 253 289 48.606 48 52 55 
1 0.33 2145.407 2262 2289 2310 354.593 190 212 238 47.911 47 50 53 
1 0.34 2165.94 2298 2318 2337 334.06 163 182 202 45.833 45 48 51 
1 0.35 2255.305 2327 2346 2361 244.695 139 154 173 45.046 44 46 49 
1 0.36 2296.623 2355 2369 2380 203.377 120 131 145 44.345 43 45 47 
1 0.37 2278.446 2374 2386 2397 221.554 103 114 126 42.374 42 44 46 
1 0.38 2339.167 2393 2402 2411 160.833 89 98 108 41.953 41 43 45 
1 0.39 2349.22 2405 2415 2423 150.78 77 85 95 41.053 40 42 43 
1 0.4 2356.307 2419 2427 2435 143.693 65 73 81 40.199 40 41 42 
1 0.41 2387.057 2428 2436 2443 112.943 57 64 72 39.89 39 40 42 
1 0.42 2398.087 2438 2445 2451 101.913 49 55 63 39.177 38 40 41 
1 0.43 2429.411 2446 2452 2458 70.589 42 48 54 38.846 38 39 40 
1 0.44 2435.7 2452 2458 2463 64.3 37 42 48 38.368 37 38 40 
1 0.45 2445.993 2459 2463 2468 54.007 32 37 41 37.818 37 38 39 
1 0.46 2445.982 2464 2468 2473 54.018 27 32 36 37.24 36 37 38 
1 0.47 2447.298 2467 2472 2477 52.702 23 28 33 36.835 36 37 38 
1 0.48 2453.574 2472 2476 2480 46.426 20 24 28 36.304 36 36 37 
1 0.49 2459.5 2476 2479 2483 40.5 17 21 24 36.074 35 36 37 
1 0.5 2477.196 2479 2482 2485 22.804 15 18 21 35.915 35 36 37 
1 0.51 2464.638 2482 2485 2488 35.362 13 15 18 35.298 35 35 36 
1 0.52 2484.251 2484 2487 2490 15.749 10 13 16 35.209 34 35 36 
1 0.53 2483.29 2486 2488 2491 16.71 9 12 14 34.913 34 35 36 
1 0.54 2484.933 2488 2490 2492 15.067 8 10 12 34.532 34 35 35 
1 0.55 2488.934 2489 2492 2494 11.066 6 8 11 34.315 34 34 35 
1 0.56 2490.028 2491 2493 2495 9.972 5 7 9 34.027 33 34 35 
1 0.57 2491.184 2492 2494 2496 8.816 4 6 8 33.727 33 34 34 
1 0.58 2494.612 2493 2495 2496 5.388 4 5 7 33.599 33 34 34 
1 0.59 2492.694 2494 2495 2497 7.306 3 5 6 33.232 33 33 34 
1 0.6 2493.574 2495 2496 2498 6.426 2 4 5 33.045 32 33 34 
1 0.61 2494.046 2495 2497 2498 5.954 2 3 5 32.837 32 33 33 
1 0.62 2497.131 2496 2497 2498 2.869 2 3 4 32.652 32 33 33 
1 0.63 2497.378 2496 2498 2499 2.622 1 2 4 32.447 32 32 33 
1 0.64 2497.886 2497 2498 2499 2.114 1 2 3 32.235 32 32 33 
1 0.65 2498.162 2497 2498 2499 1.838 1 2 3 32.074 32 32 33 
1 0.66 2495.979 2498 2499 2499 4.021 1 1 2 31.879 31 32 32 
1 0.67 2496.188 2498 2499 2500 3.812 0 1 2 31.64 31 32 32 
1 0.68 2498.93 2498 2499 2500 1.07 0 1 2 31.533 31 31 32 
1 0.69 2499.063 2499 2499 2500 0.937 0 1 1 31.345 31 31 32 
1 0.7 2499.276 2499 2500 2500 0.724 0 0 1 31.197 31 31 32 
1 0.71 2499.392 2499 2500 2500 0.608 0 0 1 31.038 31 31 31 
1 0.72 2499.463 2499 2500 2500 0.537 0 0 1 30.871 30 31 31 
1 0.73 2499.546 2499 2500 2500 0.454 0 0 1 30.741 30 31 31 
1 0.74 2499.629 2499 2500 2500 0.371 0 0 1 30.555 30 31 31 
1 0.75 2499.721 2500 2500 2500 0.279 0 0 0 30.424 30 30 31 
1 0.76 2499.756 2500 2500 2500 0.244 0 0 0 30.271 30 30 31 
1 0.77 2499.797 2500 2500 2500 0.203 0 0 0 30.127 30 30 30 
1 0.78 2499.839 2500 2500 2500 0.161 0 0 0 30.005 30 30 30 
1 0.79 2499.855 2500 2500 2500 0.145 0 0 0 29.891 29 30 30 
1 0.8 2499.919 2500 2500 2500 0.081 0 0 0 29.766 29 30 30 
1 0.81 2499.924 2500 2500 2500 0.076 0 0 0 29.623 29 30 30 
1 0.82 2499.945 2500 2500 2500 0.055 0 0 0 29.485 29 29 30 
1 0.83 2499.936 2500 2500 2500 0.064 0 0 0 29.405 29 29 30 
1 0.84 2499.962 2500 2500 2500 0.038 0 0 0 29.271 29 29 30 
1 0.85 2499.972 2500 2500 2500 0.028 0 0 0 29.156 29 29 29 
1 0.86 2499.975 2500 2500 2500 0.025 0 0 0 29.015 29 29 29 
1 0.87 2499.988 2500 2500 2500 0.012 0 0 0 28.908 29 29 29 
1 0.88 2499.989 2500 2500 2500 0.011 0 0 0 28.776 28 29 29 
1 0.89 2499.985 2500 2500 2500 0.015 0 0 0 28.691 28 29 29 
1 0.9 2499.993 2500 2500 2500 0.007 0 0 0 28.564 28 29 29 
1 0.91 2499.998 2500 2500 2500 0.002 0 0 0 28.436 28 28 29 
1 0.92 2499.998 2500 2500 2500 0.002 0 0 0 28.324 28 28 29 
1 0.93 2499.997 2500 2500 2500 0.003 0 0 0 28.194 28 28 28 
1 0.94 2500.0 2500 2500 2500 0.0 0 0 0 28.096 28 28 28 
1 0.95 2499.999 2500 2500 2500 0.001 0 0 0 27.967 28 28 28 
1 0.96 2500.0 2500 2500 2500 0.0 0 0 0 27.85 28 28 28 
1 0.97 2500.0 2500 2500 2500 0.0 0 0 0 27.677 27 28 28 
1 0.98 2500.0 2500 2500 2500 0.0 0 0 0 27.507 27 28 28 
1 0.99 2500.0 2500 2500 2500 0.0 0 0 0 27.258 27 27 28 
1 1.0 2500.0 2500 2500 2500 0.0 0 0 0 27.0 27 27 27 
