3 0.0 1.0 1 1 1 2499.0 2499 2499 2499 4.0 4 4 4 
3 0.01 1.13 1 1 1 2498.87 2499 2499 2499 4.248 4 4 4 
3 0.02 1.309 1 1 1 2498.691 2499 2499 2499 4.567 4 4 4 
3 0.03 1.532 1 1 2 2498.468 2498 2499 2499 4.909 4 4 6 
3 0.04 1.778 1 1 2 2498.222 2498 2499 2499 5.242 4 4 6 
3 0.05 2.088 1 1 2 2497.912 2498 2499 2499 5.75 4 4 7 
3 0.06 2.418 1 2 3 2497.582 2497 2498 2499 6.087 4 5 7 
3 0.07 2.851 1 2 4 2497.149 2496 2498 2499 6.691 4 6 8 
3 0.08 3.297 1 2 4 2496.703 2496 2498 2499 7.16 4 6 9 
3 0.09 4.073 1 2 5 2495.927 2495 2498 2499 7.881 4 7 10 
3 0.1 5.184 1 3 7 2494.816 2493 2497 2499 8.951 4 7 11 
3 0.11 6.542 2 4 9 2493.458 2491 2496 2498 10.076 5 8 13 
3 0.12 8.725 2 5 11 2491.275 2489 2495 2498 11.701 5 9 15 
3 0.13 12.073 2 7 16 2487.927 2484 2493 2498 13.733 6 11 18 
3 0.14 16.779 2 8 22 2483.221 2478 2492 2498 16.82 7 12 23 
3 0.15 25.444 3 12 37 2474.556 2463 2488 2497 20.673 7 15 29 
3 0.16 39.938 4 19 55 2460.062 2445 2481 2496 26.307 8 20 37 
3 0.17 67.163 5 28 90 2432.837 2411 2472 2495 34.336 9 24 50 
3 0.18 128.877 7 45 200 2371.123 2300 2456 2493 48.154 11 32 79 
3 0.19 268.016 12 164 456 2231.984 2044 2337 2488 72.161 15 64 119 
3 0.2 531.523 25 470 914 1968.477 1588 2032 2475 102.45 24 111 155 
3 0.21 919.373 194 1031 1463 1580.627 1037 1470 2318 128.923 64 141 178 
3 0.22 1327.884 943 1662 1879 1172.116 621 838 1559 139.257 119 149 179 
3 0.23 1697.029 1757 1991 2086 802.971 414 509 744 138.83 124 144 169 
3 0.24 1918.058 2065 2154 2209 581.942 291 346 436 127.813 116 131 149 
3 0.25 2090.939 2195 2245 2283 409.061 218 255 306 117.556 110 120 132 
3 0.26 2180.256 2273 2307 2333 319.744 167 193 227 108.828 103 110 121 
3 0.27 2261.869 2330 2352 2370 238.131 130 148 170 103.372 98 105 112 
3 0.28 2293.09 2362 2380 2397 206.91 103 120 138 96.872 94 99 104 
3 0.29 2332.116 2391 2406 2419 167.884 81 94 109 92.725 90 94 99 
3 0.3 2370.277 2413 2425 2435 129.723 65 75 87 89.3 87 90 94 
3 0.31 2406.961 2430 2440 2448 93.039 52 60 70 87.218 84 87 92 
3 0.32 2410.908 2443 2451 2458 89.092 42 49 57 84.105 82 85 88 
3 0.33 2425.484 2454 2461 2467 74.516 33 39 46 81.857 80 82 85 
3 0.34 2445.131 2462 2468 2473 54.869 27 32 38 79.689 77 80 83 
3 0.35 2448.551 2468 2474 2478 51.449 22 27 32 77.928 76 78 81 
3 0.36 2465.932 2474 2479 2483 34.068 17 21 26 76.481 74 76 79 
3 0.37 2477.007 2479 2482 2486 22.993 14 18 21 75.098 73 75 77 
3 0.38 2470.235 2482 2486 2489 29.765 11 14 18 73.169 71 73 75 
3 0.39 2478.097 2486 2488 2491 21.903 9 12 15 72.112 70 72 74 
3 0.4 2482.822 2488 2491 2493 17.178 7 9 12 70.923 69 71 73 
3 0.41 2489.456 2490 2492 2494 10.544 6 8 10 69.923 68 70 72 
3 0.42 2491.008 2492 2494 2496 8.992 4 6 9 68.748 67 68 70 
3 0.43 2492.251 2493 2495 2497 7.749 3 5 7 67.745 66 68 69 
3 0.44 2490.639 2494 2496 2497 9.361 3 4 6 66.727 65 67 68 
3 0.45 2496.397 2495 2497 2498 3.603 2 3 5 65.923 64 66 67 
3 0.46 2492.137 2496 2497 2499 7.863 1 3 4 64.834 64 65 66 
3 0.47 2495.202 2497 2498 2499 4.798 1 2 3 64.087 63 64 65 
3 0.48 2495.704 2497 2499 2499 4.296 1 1 3 63.438 62 63 65 
3 0.49 2493.448 2498 2499 2499 6.552 1 1 2 62.697 61 63 64 
3 0.5 2496.279 2498 2499 2500 3.721 0 1 2 62.093 61 62 63 
3 0.51 2498.985 2498 2499 2500 1.015 0 1 2 61.493 60 61 63 
3 0.52 2499.225 2499 2499 2500 0.775 0 1 1 60.873 60 61 62 
3 0.53 2499.381 2499 2500 2500 0.619 0 0 1 60.224 59 60 61 
3 0.54 2499.539 2499 2500 2500 0.461 0 0 1 59.706 59 60 61 
3 0.55 2499.581 2499 2500 2500 0.419 0 0 1 59.149 58 59 60 
3 0.56 2499.672 2499 2500 2500 0.328 0 0 1 58.737 58 59 60 
3 0.57 2499.765 2500 2500 2500 0.235 0 0 0 58.33 57 58 59 
3 0.58 2499.834 2500 2500 2500 0.166 0 0 0 57.829 57 58 59 
3 0.59 2499.851 2500 2500 2500 0.149 0 0 0 57.462 57 57 58 
3 0.6 2499.888 2500 2500 2500 0.112 0 0 0 57.11 56 57 58 
3 0.61 2499.899 2500 2500 2500 0.101 0 0 0 56.796 56 57 57 
3 0.62 2499.943 2500 2500 2500 0.057 0 0 0 56.462 56 56 57 
3 0.63 2499.959 2500 2500 2500 0.041 0 0 0 56.235 55 56 57 
3 0.64 2499.958 2500 2500 2500 0.042 0 0 0 55.85 55 56 57 
3 0.65 2499.969 2500 2500 2500 0.031 0 0 0 55.624 55 55 56 
3 0.66 2499.971 2500 2500 2500 0.029 0 0 0 55.382 55 55 56 
3 0.67 2499.98 2500 2500 2500 0.02 0 0 0 55.173 55 55 56 
3 0.68 2499.99 2500 2500 2500 0.01 0 0 0 55.0 54 55 55 
3 0.69 2499.986 2500 2500 2500 0.014 0 0 0 54.844 54 55 55 
3 0.7 2499.99 2500 2500 2500 0.01 0 0 0 54.728 54 55 55 
3 0.71 2499.991 2500 2500 2500 0.009 0 0 0 54.637 54 54 55 
3 0.72 2499.992 2500 2500 2500 0.008 0 0 0 54.537 54 54 55 
3 0.73 2499.999 2500 2500 2500 0.001 0 0 0 54.46 54 54 55 
3 0.74 2499.998 2500 2500 2500 0.002 0 0 0 54.396 54 54 55 
3 0.75 2499.997 2500 2500 2500 0.003 0 0 0 54.341 54 54 55 
3 0.76 2499.996 2500 2500 2500 0.004 0 0 0 54.294 54 54 55 
3 0.77 2499.998 2500 2500 2500 0.002 0 0 0 54.269 54 54 54 
3 0.78 2500.0 2500 2500 2500 0.0 0 0 0 54.214 54 54 54 
3 0.79 2500.0 2500 2500 2500 0.0 0 0 0 54.161 54 54 54 
3 0.8 2500.0 2500 2500 2500 0.0 0 0 0 54.152 54 54 54 
3 0.81 2500.0 2500 2500 2500 0.0 0 0 0 54.121 54 54 54 
3 0.82 2500.0 2500 2500 2500 0.0 0 0 0 54.107 54 54 54 
3 0.83 2500.0 2500 2500 2500 0.0 0 0 0 54.118 54 54 54 
3 0.84 2500.0 2500 2500 2500 0.0 0 0 0 54.088 54 54 54 
3 0.85 2500.0 2500 2500 2500 0.0 0 0 0 54.075 54 54 54 
3 0.86 2500.0 2500 2500 2500 0.0 0 0 0 54.062 54 54 54 
3 0.87 2500.0 2500 2500 2500 0.0 0 0 0 54.047 54 54 54 
3 0.88 2500.0 2500 2500 2500 0.0 0 0 0 54.049 54 54 54 
3 0.89 2500.0 2500 2500 2500 0.0 0 0 0 54.037 54 54 54 
3 0.9 2500.0 2500 2500 2500 0.0 0 0 0 54.026 54 54 54 
3 0.91 2500.0 2500 2500 2500 0.0 0 0 0 54.019 54 54 54 
3 0.92 2500.0 2500 2500 2500 0.0 0 0 0 54.016 54 54 54 
3 0.93 2500.0 2500 2500 2500 0.0 0 0 0 54.013 54 54 54 
3 0.94 2500.0 2500 2500 2500 0.0 0 0 0 54.007 54 54 54 
3 0.95 2500.0 2500 2500 2500 0.0 0 0 0 54.007 54 54 54 
3 0.96 2500.0 2500 2500 2500 0.0 0 0 0 54.003 54 54 54 
3 0.97 2500.0 2500 2500 2500 0.0 0 0 0 54.002 54 54 54 
3 0.98 2500.0 2500 2500 2500 0.0 0 0 0 54.001 54 54 54 
3 0.99 2500.0 2500 2500 2500 0.0 0 0 0 54.0 54 54 54 
3 1.0 2500.0 2500 2500 2500 0.0 0 0 0 54.0 54 54 54 
