4 0.0 1.0 1 1 1 2499.0 2499 2499 2499 5.0 5 5 5 
4 0.01 1.183 1 1 1 2498.817 2499 2499 2499 5.428 5 5 5 
4 0.02 1.42 1 1 2 2498.58 2498 2499 2499 5.972 5 5 6 
4 0.03 1.753 1 1 2 2498.247 2498 2499 2499 6.547 5 5 8 
4 0.04 2.123 1 1 3 2497.877 2497 2499 2499 7.216 5 5 9 
4 0.05 2.659 1 2 3 2497.341 2497 2498 2499 8.105 5 7 9 
4 0.06 3.455 1 2 4 2496.545 2496 2498 2499 9.098 5 8 11 
4 0.07 4.391 1 3 6 2495.609 2494 2497 2499 10.13 5 8 13 
4 0.08 5.842 1 3 8 2494.158 2492 2497 2499 11.862 5 9 15 
4 0.09 8.297 2 5 11 2491.703 2489 2495 2498 14.314 6 11 19 
4 0.1 12.156 2 6 16 2487.844 2484 2494 2498 17.249 7 13 22 
4 0.11 19.616 3 10 28 2480.384 2473 2490 2497 22.198 8 17 31 
4 0.12 34.55 4 16 46 2465.45 2455 2484 2496 30.576 10 22 43 
4 0.13 63.736 5 27 86 2436.264 2414 2473 2495 40.935 11 28 59 
4 0.14 148.931 8 60 222 2351.069 2279 2441 2492 64.378 16 45 105 
4 0.15 367.464 13 239 639 2132.536 1864 2262 2488 102.902 19 100 166 
4 0.16 777.896 47 811 1324 1722.104 1176 1691 2454 146.122 37 163 214 
4 0.17 1365.307 1027 1678 1879 1134.693 622 822 1478 174.406 150 182 223 
4 0.18 1752.618 1859 2032 2127 747.382 373 468 642 166.353 149 172 202 
4 0.19 1997.487 2131 2200 2245 502.513 255 300 369 147.134 137 152 170 
4 0.2 2178.741 2258 2293 2321 321.259 179 207 242 136.838 128 138 152 
4 0.21 2245.157 2325 2349 2368 254.843 132 151 175 125.467 119 127 138 
4 0.22 2291.796 2368 2388 2402 208.204 98 112 132 116.352 112 118 126 
4 0.23 2339.07 2402 2416 2427 160.93 73 84 98 109.905 106 112 118 
4 0.24 2373.077 2424 2435 2444 126.923 56 65 76 105.326 102 106 112 
4 0.25 2412.097 2442 2450 2457 87.903 43 50 58 101.394 98 102 106 
4 0.26 2425.904 2454 2461 2467 74.096 33 39 46 97.978 95 98 102 
4 0.27 2442.033 2464 2470 2475 57.967 25 30 36 94.773 92 95 99 
4 0.28 2463.648 2472 2477 2481 36.352 19 23 28 92.429 90 92 96 
4 0.29 2468.759 2478 2482 2485 31.241 15 18 22 89.48 87 89 92 
4 0.3 2470.25 2482 2485 2489 29.75 11 15 18 87.271 85 87 90 
4 0.31 2480.792 2486 2489 2491 19.208 9 11 14 85.143 83 85 88 
4 0.32 2485.674 2489 2491 2493 14.326 7 9 11 83.208 81 83 85 
4 0.33 2490.117 2490 2493 2495 9.883 5 7 10 81.393 79 81 84 
4 0.34 2486.879 2493 2495 2496 13.121 4 5 7 79.591 78 79 82 
4 0.35 2492.989 2494 2496 2497 7.011 3 4 6 78.154 76 78 80 
4 0.36 2496.485 2495 2497 2498 3.515 2 3 5 76.698 75 77 79 
4 0.37 2497.272 2496 2498 2499 2.728 1 2 4 75.21 73 75 77 
4 0.38 2497.783 2497 2498 2499 2.217 1 2 3 74.056 72 74 76 
4 0.39 2498.233 2497 2498 2499 1.767 1 2 3 72.768 71 73 74 
4 0.4 2498.638 2498 2499 2500 1.362 0 1 2 71.459 70 71 73 
4 0.41 2498.86 2498 2499 2500 1.14 0 1 2 70.296 69 70 72 
4 0.42 2499.123 2499 2499 2500 0.877 0 1 1 69.369 68 69 71 
4 0.43 2499.323 2499 2500 2500 0.677 0 0 1 68.485 67 68 70 
4 0.44 2499.508 2499 2500 2500 0.492 0 0 1 67.649 66 67 69 
4 0.45 2499.557 2499 2500 2500 0.443 0 0 1 66.739 65 67 68 
4 0.46 2499.68 2499 2500 2500 0.32 0 0 1 65.776 64 66 67 
4 0.47 2499.753 2500 2500 2500 0.247 0 0 0 65.14 64 65 66 
4 0.48 2499.789 2500 2500 2500 0.211 0 0 0 64.452 63 64 66 
4 0.49 2499.857 2500 2500 2500 0.143 0 0 0 63.616 62 63 65 
4 0.5 2499.896 2500 2500 2500 0.104 0 0 0 63.08 62 63 64 
4 0.51 2499.914 2500 2500 2500 0.086 0 0 0 62.377 61 62 63 
4 0.52 2499.92 2500 2500 2500 0.08 0 0 0 61.763 61 62 63 
4 0.53 2499.946 2500 2500 2500 0.054 0 0 0 61.246 60 61 62 
4 0.54 2499.956 2500 2500 2500 0.044 0 0 0 60.711 60 61 62 
4 0.55 2499.975 2500 2500 2500 0.025 0 0 0 60.164 59 60 61 
4 0.56 2499.977 2500 2500 2500 0.023 0 0 0 59.815 59 60 61 
4 0.57 2499.981 2500 2500 2500 0.019 0 0 0 59.259 58 59 60 
4 0.58 2499.989 2500 2500 2500 0.011 0 0 0 58.816 58 59 60 
4 0.59 2499.989 2500 2500 2500 0.011 0 0 0 58.464 58 58 59 
4 0.6 2499.993 2500 2500 2500 0.007 0 0 0 58.088 57 58 59 
4 0.61 2499.992 2500 2500 2500 0.008 0 0 0 57.777 57 58 58 
4 0.62 2499.992 2500 2500 2500 0.008 0 0 0 57.453 57 57 58 
4 0.63 2499.993 2500 2500 2500 0.007 0 0 0 57.199 56 57 58 
4 0.64 2499.997 2500 2500 2500 0.003 0 0 0 56.871 56 57 58 
4 0.65 2500.0 2500 2500 2500 0.0 0 0 0 56.667 56 57 57 
4 0.66 2499.999 2500 2500 2500 0.001 0 0 0 56.403 56 56 57 
4 0.67 2499.997 2500 2500 2500 0.003 0 0 0 56.147 56 56 57 
4 0.68 2500.0 2500 2500 2500 0.0 0 0 0 55.98 55 56 56 
4 0.69 2500.0 2500 2500 2500 0.0 0 0 0 55.861 55 56 56 
4 0.7 2500.0 2500 2500 2500 0.0 0 0 0 55.734 55 56 56 
4 0.71 2500.0 2500 2500 2500 0.0 0 0 0 55.681 55 56 56 
4 0.72 2500.0 2500 2500 2500 0.0 0 0 0 55.539 55 55 56 
4 0.73 2500.0 2500 2500 2500 0.0 0 0 0 55.434 55 55 56 
4 0.74 2499.999 2500 2500 2500 0.001 0 0 0 55.396 55 55 56 
4 0.75 2500.0 2500 2500 2500 0.0 0 0 0 55.316 55 55 56 
4 0.76 2500.0 2500 2500 2500 0.0 0 0 0 55.288 55 55 56 
4 0.77 2500.0 2500 2500 2500 0.0 0 0 0 55.267 55 55 55 
4 0.78 2500.0 2500 2500 2500 0.0 0 0 0 55.212 55 55 55 
4 0.79 2500.0 2500 2500 2500 0.0 0 0 0 55.161 55 55 55 
4 0.8 2500.0 2500 2500 2500 0.0 0 0 0 55.152 55 55 55 
4 0.81 2500.0 2500 2500 2500 0.0 0 0 0 55.121 55 55 55 
4 0.82 2500.0 2500 2500 2500 0.0 0 0 0 55.107 55 55 55 
4 0.83 2500.0 2500 2500 2500 0.0 0 0 0 55.118 55 55 55 
4 0.84 2500.0 2500 2500 2500 0.0 0 0 0 55.088 55 55 55 
4 0.85 2500.0 2500 2500 2500 0.0 0 0 0 55.075 55 55 55 
4 0.86 2500.0 2500 2500 2500 0.0 0 0 0 55.062 55 55 55 
4 0.87 2500.0 2500 2500 2500 0.0 0 0 0 55.047 55 55 55 
4 0.88 2500.0 2500 2500 2500 0.0 0 0 0 55.049 55 55 55 
4 0.89 2500.0 2500 2500 2500 0.0 0 0 0 55.037 55 55 55 
4 0.9 2500.0 2500 2500 2500 0.0 0 0 0 55.026 55 55 55 
4 0.91 2500.0 2500 2500 2500 0.0 0 0 0 55.019 55 55 55 
4 0.92 2500.0 2500 2500 2500 0.0 0 0 0 55.016 55 55 55 
4 0.93 2500.0 2500 2500 2500 0.0 0 0 0 55.013 55 55 55 
4 0.94 2500.0 2500 2500 2500 0.0 0 0 0 55.007 55 55 55 
4 0.95 2500.0 2500 2500 2500 0.0 0 0 0 55.007 55 55 55 
4 0.96 2500.0 2500 2500 2500 0.0 0 0 0 55.003 55 55 55 
4 0.97 2500.0 2500 2500 2500 0.0 0 0 0 55.002 55 55 55 
4 0.98 2500.0 2500 2500 2500 0.0 0 0 0 55.001 55 55 55 
4 0.99 2500.0 2500 2500 2500 0.0 0 0 0 55.0 55 55 55 
4 1.0 2500.0 2500 2500 2500 0.0 0 0 0 55.0 55 55 55 
