1 0.0 1.0 1 1 1 2499.0 2499 2499 2499 2.0 2 2 2 
1 0.01 1.045 1 1 1 2498.955 2499 2499 2499 2.045 2 2 2 
1 0.02 1.088 1 1 1 2498.912 2499 2499 2499 2.088 2 2 2 
1 0.03 1.145 1 1 1 2498.855 2499 2499 2499 2.138 2 2 2 
1 0.04 1.196 1 1 1 2498.804 2499 2499 2499 2.19 2 2 2 
1 0.05 1.273 1 1 1 2498.727 2499 2499 2499 2.249 2 2 2 
1 0.06 1.322 1 1 1 2498.678 2499 2499 2499 2.29 2 2 2 
1 0.07 1.385 1 1 2 2498.615 2498 2499 2499 2.34 2 2 3 
1 0.08 1.441 1 1 2 2498.559 2498 2499 2499 2.398 2 2 3 
1 0.09 1.51 1 1 2 2498.49 2498 2499 2499 2.446 2 2 3 
1 0.1 1.583 1 1 2 2498.417 2498 2499 2499 2.495 2 2 3 
1 0.11 1.671 1 1 2 2498.329 2498 2499 2499 2.559 2 2 3 
1 0.12 1.759 1 1 2 2498.241 2498 2499 2499 2.633 2 2 3 
1 0.13 1.848 1 1 2 2498.152 2498 2499 2499 2.687 2 2 3 
1 0.14 1.943 1 1 2 2498.057 2498 2499 2499 2.741 2 2 3 
1 0.15 2.04 1 1 2 2497.96 2498 2499 2499 2.824 2 2 3 
1 0.16 2.154 1 1 3 2497.846 2497 2499 2499 2.908 2 2 3 
1 0.17 2.288 1 2 3 2497.712 2497 2498 2499 2.991 2 3 3 
1 0.18 2.461 1 2 3 2497.539 2497 2498 2499 3.128 2 3 4 
1 0.19 2.58 1 2 3 2497.42 2497 2498 2499 3.187 2 3 4 
1 0.2 2.745 1 2 4 2497.255 2496 2498 2499 3.282 2 3 4 
1 0.21 3.006 1 2 4 2496.994 2496 2498 2499 3.419 2 3 4 
1 0.22 3.22 1 2 4 2496.78 2496 2498 2499 3.505 2 3 4 
1 0.23 3.451 1 2 4 2496.549 2496 2498 2499 3.644 2 3 4 
1 0.24 3.726 1 2 5 2496.274 2495 2498 2499 3.776 2 3 5 
1 0.25 4.096 1 2 5 2495.904 2495 2498 2499 3.971 2 3 5 
1 0.26 4.475 1 3 6 2495.525 2494 2497 2499 4.173 2 3 5 
1 0.27 4.973 1 3 6 2495.027 2494 2497 2499 4.43 2 4 6 
1 0.28 5.483 1 3 7 2494.517 2493 2497 2499 4.629 2 4 6 
1 0.29 6.112 1 3 8 2493.888 2492 2497 2499 4.918 2 4 6 
1 0.3 6.645 1 3 9 2493.355 2491 2497 2499 5.109 2 4 7 
1 0.31 7.546 2 4 10 2492.454 2490 2496 2498 5.466 3 4 7 
1 0.32 8.39 2 4 11 2491.61 2489 2496 2498 5.829 3 4 7 
1 0.33 9.654 2 5 12 2490.346 2488 2495 2498 6.176 3 5 8 
1 0.34 11.139 2 5 14 2488.861 2486 2495 2498 6.674 3 5 9 
1 0.35 12.623 2 6 17 2487.377 2483 2494 2498 7.201 3 5 10 
1 0.36 14.912 2 7 19 2485.088 2481 2493 2498 7.801 3 6 11 
1 0.37 17.709 2 8 23 2482.291 2477 2492 2498 8.564 3 6 12 
1 0.38 21.758 3 8 28 2478.242 2472 2492 2497 9.579 3 6 13 
1 0.39 26.927 3 11 36 2473.073 2465 2489 2497 10.772 4 7 15 
1 0.4 34.867 4 15 47 2465.133 2453 2485 2496 12.34 4 8 17 
1 0.41 43.263 4 21 58 2456.737 2444 2480 2496 14.481 5 10 20 
1 0.42 56.754 5 22 76 2443.246 2424 2478 2495 16.609 4 11 24 
1 0.43 76.535 5 27 106 2423.465 2394 2473 2495 19.444 5 12 30 
1 0.44 101.042 6 38 145 2398.958 2355 2462 2494 22.811 6 15 34 
1 0.45 139.536 7 50 230 2360.464 2272 2450 2493 27.318 6 18 44 
1 0.46 200.5 9 91 356 2299.5 2144 2409 2491 33.315 7 26 56 
1 0.47 265.962 11 131 454 2234.038 2051 2369 2489 38.183 7 30 64 
1 0.48 382.914 14 258 650 2117.086 1850 2252 2486 46.585 8 47 75 
1 0.49 565.137 46 526 948 1934.863 1552 1975 2455 57.645 16 64 83 
1 0.5 740.248 42 782 1250 1759.752 1250 1719 2460 63.847 15 73 92 
1 0.51 1019.66 383 1220 1577 1480.34 924 1280 2124 74.665 55 80 102 
1 0.52 1254.923 881 1541 1780 1245.077 721 959 1621 78.446 67 84 103 
1 0.53 1480.325 1339 1775 1948 1019.675 552 726 1169 80.633 70 83 101 
1 0.54 1643.945 1695 1948 2067 856.055 433 553 805 79.794 71 83 99 
1 0.55 1776.443 1861 2051 2136 723.557 364 450 639 76.875 70 79 92 
1 0.56 1951.13 2055 2153 2207 548.87 293 347 445 74.901 67 76 86 
1 0.57 2012.919 2147 2208 2252 487.081 248 292 354 69.341 64 71 80 
1 0.58 2082.68 2204 2254 2289 417.32 211 246 296 66.815 63 69 76 
1 0.59 2160.977 2255 2293 2319 339.023 181 208 245 64.899 61 66 72 
1 0.6 2203.541 2290 2322 2344 296.459 156 178 210 62.311 60 63 68 
1 0.61 2238.136 2321 2349 2368 261.864 132 152 179 60.66 59 62 66 
1 0.62 2289.374 2349 2371 2388 210.626 112 130 151 59.734 57 60 64 
1 0.63 2324.108 2371 2388 2404 175.892 96 112 129 58.624 56 59 62 
1 0.64 2328.834 2387 2403 2416 171.166 84 97 113 57.226 56 58 61 
1 0.65 2356.888 2402 2416 2428 143.112 72 84 98 56.499 55 57 60 
1 0.66 2381.357 2418 2429 2438 118.643 62 71 82 55.773 54 56 58 
1 0.67 2398.285 2428 2438 2447 101.715 53 62 72 55.453 54 56 58 
1 0.68 2416.307 2437 2447 2454 83.693 46 53 63 54.837 53 55 57 
1 0.69 2431.061 2447 2455 2461 68.939 39 45 53 54.283 53 54 56 
1 0.7 2437.671 2453 2461 2467 62.329 33 39 47 53.838 53 54 55 
1 0.71 2436.316 2460 2467 2472 63.684 28 33 40 53.496 53 54 55 
1 0.72 2446.392 2466 2472 2477 53.608 23 28 34 53.246 52 53 55 
1 0.73 2460.383 2471 2476 2480 39.617 20 24 29 53.22 52 53 54 
1 0.74 2454.188 2475 2480 2484 45.812 16 20 25 52.748 52 53 54 
1 0.75 2469.607 2479 2483 2486 30.393 14 17 21 52.815 52 53 54 
1 0.76 2475.199 2482 2486 2489 24.801 11 14 18 52.655 52 52 53 
1 0.77 2479.963 2485 2488 2490 20.037 10 12 15 52.656 52 52 53 
1 0.78 2484.626 2487 2490 2493 15.374 7 10 13 52.556 52 52 53 
1 0.79 2488.885 2489 2492 2494 11.115 6 8 11 52.482 52 52 53 
1 0.8 2487.881 2491 2493 2495 12.119 5 7 9 52.361 52 52 53 
1 0.81 2489.186 2492 2495 2496 10.814 4 5 8 52.281 52 52 53 
1 0.82 2495.277 2494 2495 2497 4.723 3 5 6 52.313 52 52 52 
1 0.83 2496.207 2495 2496 2498 3.793 2 4 5 52.28 52 52 52 
1 0.84 2494.426 2496 2497 2498 5.574 2 3 4 52.162 52 52 52 
1 0.85 2495.171 2497 2498 2499 4.829 1 2 3 52.136 52 52 52 
1 0.86 2498.16 2497 2498 2499 1.84 1 2 3 52.18 52 52 52 
1 0.87 2498.651 2498 2499 2500 1.349 0 1 2 52.132 52 52 52 
1 0.88 2498.974 2498 2499 2500 1.026 0 1 2 52.118 52 52 52 
1 0.89 2499.258 2499 2500 2500 0.742 0 0 1 52.081 52 52 52 
1 0.9 2499.473 2499 2500 2500 0.527 0 0 1 52.066 52 52 52 
1 0.91 2497.151 2499 2500 2500 2.849 0 0 1 52.008 52 52 52 
1 0.92 2499.772 2500 2500 2500 0.228 0 0 0 52.032 52 52 52 
1 0.93 2499.858 2500 2500 2500 0.142 0 0 0 52.03 52 52 52 
1 0.94 2499.904 2500 2500 2500 0.096 0 0 0 52.02 52 52 52 
1 0.95 2499.953 2500 2500 2500 0.047 0 0 0 52.017 52 52 52 
1 0.96 2499.965 2500 2500 2500 0.035 0 0 0 52.002 52 52 52 
1 0.97 2499.987 2500 2500 2500 0.013 0 0 0 52.008 52 52 52 
1 0.98 2499.995 2500 2500 2500 0.005 0 0 0 52.006 52 52 52 
1 0.99 2499.999 2500 2500 2500 0.001 0 0 0 52.0 52 52 52 
1 1.0 2500.0 2500 2500 2500 0.0 0 0 0 52.0 52 52 52 
