5 0.0 1.0 1 1 1 2499.0 2499 2499 2499 6.0 6 6 6 
5 0.01 1.229 1 1 1 2498.771 2499 2499 2499 6.626 6 6 6 
5 0.02 1.555 1 1 2 2498.445 2498 2499 2499 7.446 6 6 8 
5 0.03 2.012 1 1 2 2497.988 2498 2499 2499 8.48 6 6 10 
5 0.04 2.648 1 2 4 2497.352 2497 2498 2499 9.6 6 8 12 
5 0.05 3.577 1 2 5 2496.423 2495 2498 2499 11.172 6 9 14 
5 0.06 5.044 1 3 7 2494.956 2493 2497 2499 13.265 6 11 17 
5 0.07 7.419 2 4 10 2492.581 2490 2496 2498 15.997 8 13 21 
5 0.08 11.965 2 6 15 2488.035 2485 2494 2498 20.552 9 15 27 
5 0.09 21.888 3 10 29 2478.112 2472 2490 2497 28.249 11 21 37 
5 0.1 42.209 4 17 56 2457.791 2444 2484 2496 39.42 12 28 54 
5 0.11 99.034 5 34 137 2400.966 2364 2466 2495 61.282 14 41 93 
5 0.12 298.954 12 178 513 2201.046 1988 2323 2488 109.602 22 96 177 
5 0.13 785.869 76 850 1305 1714.131 1196 1652 2425 177.285 64 197 250 
5 0.14 1442.645 1187 1766 1946 1057.355 556 735 1318 208.953 182 217 266 
5 0.15 1897.305 2002 2124 2181 602.695 320 376 498 193.101 173 195 227 
5 0.16 2120.753 2212 2259 2292 379.247 208 241 288 169.027 157 171 192 
5 0.17 2210.497 2307 2337 2359 289.503 141 163 193 149.096 142 152 166 
5 0.18 2308.512 2370 2388 2401 191.488 99 112 131 138.445 133 141 149 
5 0.19 2362.34 2407 2420 2430 137.66 70 80 93 129.277 125 130 137 
5 0.2 2385.771 2431 2441 2449 114.229 51 59 69 121.983 118 123 129 
5 0.21 2408.629 2448 2456 2463 91.371 37 44 52 116.35 113 117 123 
5 0.22 2441.954 2461 2467 2473 58.046 27 33 39 111.791 108 112 117 
5 0.23 2459.917 2470 2475 2480 40.083 20 25 30 107.771 104 108 112 
5 0.24 2451.368 2477 2482 2485 48.632 15 18 23 103.252 100 104 107 
5 0.25 2478.057 2482 2486 2489 21.943 11 14 18 100.512 97 100 104 
5 0.26 2486.707 2487 2489 2492 13.293 8 11 13 97.509 94 97 100 
5 0.27 2489.214 2490 2492 2494 10.786 6 8 10 94.842 92 95 97 
5 0.28 2488.7 2492 2494 2496 11.3 4 6 8 92.077 89 92 95 
5 0.29 2485.253 2494 2496 2497 14.747 3 4 6 89.516 87 90 92 
5 0.3 2491.502 2495 2497 2498 8.498 2 3 5 87.566 85 87 90 
5 0.31 2492.216 2496 2497 2499 7.784 1 3 4 85.426 83 85 88 
5 0.32 2497.883 2497 2498 2499 2.117 1 2 3 83.78 82 83 86 
5 0.33 2498.486 2498 2499 2500 1.514 0 1 2 82.0 80 82 84 
5 0.34 2498.831 2498 2499 2500 1.169 0 1 2 80.419 78 80 82 
5 0.35 2499.074 2499 2499 2500 0.926 0 1 1 78.924 77 79 81 
5 0.36 2499.313 2499 2500 2500 0.687 0 0 1 77.577 76 77 79 
5 0.37 2499.488 2499 2500 2500 0.512 0 0 1 76.005 74 76 78 
5 0.38 2499.612 2499 2500 2500 0.388 0 0 1 74.768 73 75 76 
5 0.39 2497.191 2500 2500 2500 2.809 0 0 0 73.519 72 73 75 
5 0.4 2499.78 2500 2500 2500 0.22 0 0 0 72.314 71 72 74 
5 0.41 2499.833 2500 2500 2500 0.167 0 0 0 71.434 70 71 73 
5 0.42 2499.892 2500 2500 2500 0.108 0 0 0 70.316 69 70 72 
5 0.43 2497.403 2500 2500 2500 2.597 0 0 0 69.489 68 69 71 
5 0.44 2499.921 2500 2500 2500 0.079 0 0 0 68.582 67 68 70 
5 0.45 2499.952 2500 2500 2500 0.048 0 0 0 67.62 66 67 69 
5 0.46 2499.959 2500 2500 2500 0.041 0 0 0 66.785 65 67 68 
5 0.47 2499.962 2500 2500 2500 0.038 0 0 0 66.126 65 66 67 
5 0.48 2499.977 2500 2500 2500 0.023 0 0 0 65.393 64 65 67 
5 0.49 2499.985 2500 2500 2500 0.015 0 0 0 64.585 63 65 66 
5 0.5 2499.987 2500 2500 2500 0.013 0 0 0 64.0 63 64 65 
5 0.51 2499.99 2500 2500 2500 0.01 0 0 0 63.399 62 63 64 
5 0.52 2499.994 2500 2500 2500 0.006 0 0 0 62.83 62 63 64 
5 0.53 2499.995 2500 2500 2500 0.005 0 0 0 62.222 61 62 63 
5 0.54 2499.997 2500 2500 2500 0.003 0 0 0 61.762 61 62 63 
5 0.55 2499.994 2500 2500 2500 0.006 0 0 0 61.244 60 61 62 
5 0.56 2499.998 2500 2500 2500 0.002 0 0 0 60.769 60 61 62 
5 0.57 2499.999 2500 2500 2500 0.001 0 0 0 60.25 59 60 61 
5 0.58 2499.999 2500 2500 2500 0.001 0 0 0 59.855 59 60 61 
5 0.59 2499.999 2500 2500 2500 0.001 0 0 0 59.405 59 59 60 
5 0.6 2500.0 2500 2500 2500 0.0 0 0 0 59.026 58 59 60 
5 0.61 2499.999 2500 2500 2500 0.001 0 0 0 58.792 58 59 60 
5 0.62 2500.0 2500 2500 2500 0.0 0 0 0 58.422 58 58 59 
5 0.63 2500.0 2500 2500 2500 0.0 0 0 0 58.116 57 58 59 
5 0.64 2500.0 2500 2500 2500 0.0 0 0 0 57.866 57 58 58 
5 0.65 2500.0 2500 2500 2500 0.0 0 0 0 57.671 57 58 58 
5 0.66 2500.0 2500 2500 2500 0.0 0 0 0 57.399 57 57 58 
5 0.67 2500.0 2500 2500 2500 0.0 0 0 0 57.172 57 57 58 
5 0.68 2500.0 2500 2500 2500 0.0 0 0 0 56.976 56 57 57 
5 0.69 2500.0 2500 2500 2500 0.0 0 0 0 56.864 56 57 57 
5 0.7 2500.0 2500 2500 2500 0.0 0 0 0 56.734 56 57 57 
5 0.71 2500.0 2500 2500 2500 0.0 0 0 0 56.681 56 57 57 
5 0.72 2500.0 2500 2500 2500 0.0 0 0 0 56.539 56 56 57 
5 0.73 2500.0 2500 2500 2500 0.0 0 0 0 56.434 56 56 57 
5 0.74 2499.999 2500 2500 2500 0.001 0 0 0 56.396 56 56 57 
5 0.75 2500.0 2500 2500 2500 0.0 0 0 0 56.316 56 56 57 
5 0.76 2500.0 2500 2500 2500 0.0 0 0 0 56.288 56 56 57 
5 0.77 2500.0 2500 2500 2500 0.0 0 0 0 56.267 56 56 56 
5 0.78 2500.0 2500 2500 2500 0.0 0 0 0 56.212 56 56 56 
5 0.79 2500.0 2500 2500 2500 0.0 0 0 0 56.161 56 56 56 
5 0.8 2500.0 2500 2500 2500 0.0 0 0 0 56.152 56 56 56 
5 0.81 2500.0 2500 2500 2500 0.0 0 0 0 56.121 56 56 56 
5 0.82 2500.0 2500 2500 2500 0.0 0 0 0 56.107 56 56 56 
5 0.83 2500.0 2500 2500 2500 0.0 0 0 0 56.118 56 56 56 
5 0.84 2500.0 2500 2500 2500 0.0 0 0 0 56.088 56 56 56 
5 0.85 2500.0 2500 2500 2500 0.0 0 0 0 56.075 56 56 56 
5 0.86 2500.0 2500 2500 2500 0.0 0 0 0 56.062 56 56 56 
5 0.87 2500.0 2500 2500 2500 0.0 0 0 0 56.047 56 56 56 
5 0.88 2500.0 2500 2500 2500 0.0 0 0 0 56.049 56 56 56 
5 0.89 2500.0 2500 2500 2500 0.0 0 0 0 56.037 56 56 56 
5 0.9 2500.0 2500 2500 2500 0.0 0 0 0 56.026 56 56 56 
5 0.91 2500.0 2500 2500 2500 0.0 0 0 0 56.019 56 56 56 
5 0.92 2500.0 2500 2500 2500 0.0 0 0 0 56.016 56 56 56 
5 0.93 2500.0 2500 2500 2500 0.0 0 0 0 56.013 56 56 56 
5 0.94 2500.0 2500 2500 2500 0.0 0 0 0 56.007 56 56 56 
5 0.95 2500.0 2500 2500 2500 0.0 0 0 0 56.007 56 56 56 
5 0.96 2500.0 2500 2500 2500 0.0 0 0 0 56.003 56 56 56 
5 0.97 2500.0 2500 2500 2500 0.0 0 0 0 56.002 56 56 56 
5 0.98 2500.0 2500 2500 2500 0.0 0 0 0 56.001 56 56 56 
5 0.99 2500.0 2500 2500 2500 0.0 0 0 0 56.0 56 56 56 
5 1.0 2500.0 2500 2500 2500 0.0 0 0 0 56.0 56 56 56 
