2 0.0 1.0 1 1 1 2499.0 2499 2499 2499 3.0 3 3 3 
2 0.01 1.096 1 1 1 2498.904 2499 2499 2499 3.135 3 3 3 
2 0.02 1.186 1 1 1 2498.814 2499 2499 2499 3.257 3 3 3 
2 0.03 1.302 1 1 1 2498.698 2499 2499 2499 3.421 3 3 3 
2 0.04 1.447 1 1 2 2498.553 2498 2499 2499 3.603 3 3 4 
2 0.05 1.614 1 1 2 2498.386 2498 2499 2499 3.792 3 3 4 
2 0.06 1.773 1 1 2 2498.227 2498 2499 2499 3.975 3 3 5 
2 0.07 1.938 1 1 2 2498.062 2498 2499 2499 4.156 3 3 5 
2 0.08 2.175 1 1 3 2497.825 2497 2499 2499 4.36 3 3 5 
2 0.09 2.444 1 2 3 2497.556 2497 2498 2499 4.609 3 4 5 
2 0.1 2.758 1 2 4 2497.242 2497 2498 2499 4.924 3 4 6 
2 0.11 3.065 1 2 4 2496.935 2496 2498 2499 5.143 3 4 6 
2 0.12 3.439 1 2 4 2496.561 2496 2498 2499 5.453 3 5 7 
2 0.13 3.976 1 2 5 2496.024 2495 2498 2499 5.891 3 5 7 
2 0.14 4.705 1 3 6 2495.295 2494 2497 2499 6.418 3 5 8 
2 0.15 5.314 1 3 7 2494.686 2493 2497 2499 6.748 3 5 8 
2 0.16 6.404 2 4 8 2493.596 2492 2496 2498 7.515 4 6 10 
2 0.17 7.975 2 4 10 2492.025 2490 2496 2498 8.493 4 7 11 
2 0.18 9.741 2 5 13 2490.259 2487 2495 2498 9.304 4 7 13 
2 0.19 12.122 2 6 16 2487.878 2484 2494 2498 10.548 5 8 14 
2 0.2 15.433 2 8 20 2484.567 2480 2492 2498 11.832 5 9 16 
2 0.21 20.779 3 10 27 2479.221 2474 2490 2497 13.735 5 10 18 
2 0.22 27.59 4 13 37 2472.41 2463 2487 2496 16.024 6 12 22 
2 0.23 40.321 4 17 53 2459.679 2447 2483 2496 19.519 6 14 26 
2 0.24 59.355 5 24 82 2440.645 2418 2476 2495 24.241 6 16 37 
2 0.25 91.479 6 36 138 2408.521 2362 2464 2494 31.198 8 20 49 
2 0.26 149.774 7 60 241 2350.226 2261 2440 2493 40.334 8 30 65 
2 0.27 244.114 12 121 425 2255.886 2076 2380 2488 51.939 11 41 87 
2 0.28 429.66 21 357 730 2070.34 1772 2144 2479 70.05 16 76 109 
2 0.29 682.779 42 709 1134 1817.221 1367 1794 2459 85.44 22 98 124 
2 0.3 984.858 236 1155 1555 1515.142 945 1348 2266 100.242 62 111 138 
2 0.31 1371.117 1093 1633 1868 1128.883 632 868 1409 113.176 98 118 144 
2 0.32 1610.703 1589 1910 2034 889.297 467 591 912 109.33 96 113 135 
2 0.33 1858.544 1943 2075 2148 641.456 352 425 559 106.298 95 108 126 
2 0.34 1959.012 2092 2174 2226 540.988 274 326 408 96.897 90 100 113 
2 0.35 2056.121 2187 2241 2282 443.879 219 260 313 91.351 86 93 104 
2 0.36 2163.989 2256 2292 2320 336.011 181 208 244 86.143 82 88 96 
2 0.37 2221.893 2301 2332 2352 278.107 148 168 200 82.625 79 84 90 
2 0.38 2312.361 2341 2363 2379 187.639 121 137 159 80.816 76 81 86 
2 0.39 2307.275 2364 2384 2399 192.725 101 116 136 76.851 74 78 82 
2 0.4 2325.114 2388 2404 2416 174.886 84 96 112 73.509 71 75 78 
2 0.41 2366.199 2405 2419 2430 133.801 70 81 95 72.201 70 73 76 
2 0.42 2383.748 2420 2431 2441 116.252 59 69 80 70.27 68 71 74 
2 0.43 2387.868 2433 2442 2451 112.132 49 58 67 68.306 67 69 72 
2 0.44 2401.526 2443 2451 2459 98.474 41 49 57 67.065 65 68 70 
2 0.45 2433.507 2452 2459 2465 66.493 35 41 48 66.635 65 67 69 
2 0.46 2425.877 2460 2466 2472 74.123 29 34 40 64.951 63 65 68 
2 0.47 2448.004 2465 2471 2476 51.996 24 29 35 64.127 63 64 66 
2 0.48 2445.25 2471 2475 2480 54.75 20 25 29 62.864 62 63 65 
2 0.49 2466.569 2475 2479 2483 33.431 17 21 25 62.504 61 62 64 
2 0.5 2472.201 2479 2483 2486 27.799 14 17 21 61.87 60 62 63 
2 0.51 2475.134 2482 2485 2489 24.866 11 15 18 60.896 60 61 62 
2 0.52 2479.941 2484 2488 2491 20.059 9 12 16 60.437 59 60 62 
2 0.53 2479.33 2487 2490 2492 20.67 8 10 13 59.545 58 59 61 
2 0.54 2483.546 2489 2491 2494 16.454 6 9 11 58.987 58 59 60 
2 0.55 2490.099 2491 2493 2495 9.901 5 7 9 58.529 57 58 60 
2 0.56 2491.319 2492 2494 2496 8.681 4 6 8 58.052 57 58 59 
2 0.57 2489.89 2493 2495 2497 10.11 3 5 7 57.595 57 57 59 
2 0.58 2493.258 2494 2496 2498 6.742 2 4 6 57.042 56 57 58 
2 0.59 2493.981 2495 2497 2498 6.019 2 3 5 56.589 56 56 57 
2 0.6 2494.518 2496 2497 2498 5.482 2 3 4 56.227 55 56 57 
2 0.61 2497.613 2497 2498 2499 2.387 1 2 3 55.892 55 56 57 
2 0.62 2497.903 2497 2498 2499 2.097 1 2 3 55.55 55 55 56 
2 0.63 2498.236 2497 2498 2499 1.764 1 2 3 55.264 54 55 56 
2 0.64 2498.629 2498 2499 2500 1.371 0 1 2 54.934 54 55 56 
2 0.65 2496.311 2498 2499 2500 3.689 0 1 2 54.645 54 55 55 
2 0.66 2496.613 2499 2499 2500 3.387 0 1 1 54.406 54 54 55 
2 0.67 2499.281 2499 2500 2500 0.719 0 0 1 54.263 54 54 55 
2 0.68 2499.397 2499 2500 2500 0.603 0 0 1 54.051 53 54 55 
2 0.69 2499.505 2499 2500 2500 0.495 0 0 1 53.886 53 54 54 
2 0.7 2499.646 2499 2500 2500 0.354 0 0 1 53.743 53 54 54 
2 0.71 2499.693 2500 2500 2500 0.307 0 0 0 53.63 53 53 54 
2 0.72 2499.776 2500 2500 2500 0.224 0 0 0 53.543 53 53 54 
2 0.73 2499.822 2500 2500 2500 0.178 0 0 0 53.44 53 53 54 
2 0.74 2499.864 2500 2500 2500 0.136 0 0 0 53.368 53 53 54 
2 0.75 2499.896 2500 2500 2500 0.104 0 0 0 53.32 53 53 54 
2 0.76 2497.418 2500 2500 2500 2.582 0 0 0 53.225 53 53 53 
2 0.77 2499.94 2500 2500 2500 0.06 0 0 0 53.26 53 53 53 
2 0.78 2499.945 2500 2500 2500 0.055 0 0 0 53.22 53 53 53 
2 0.79 2499.961 2500 2500 2500 0.039 0 0 0 53.189 53 53 53 
2 0.8 2499.988 2500 2500 2500 0.012 0 0 0 53.186 53 53 53 
2 0.81 2499.978 2500 2500 2500 0.022 0 0 0 53.129 53 53 53 
2 0.82 2499.986 2500 2500 2500 0.014 0 0 0 53.101 53 53 53 
2 0.83 2499.989 2500 2500 2500 0.011 0 0 0 53.116 53 53 53 
2 0.84 2499.991 2500 2500 2500 0.009 0 0 0 53.094 53 53 53 
2 0.85 2499.999 2500 2500 2500 0.001 0 0 0 53.075 53 53 53 
2 0.86 2499.997 2500 2500 2500 0.003 0 0 0 53.066 53 53 53 
2 0.87 2499.994 2500 2500 2500 0.006 0 0 0 53.041 53 53 53 
2 0.88 2499.998 2500 2500 2500 0.002 0 0 0 53.044 53 53 53 
2 0.89 2499.998 2500 2500 2500 0.002 0 0 0 53.032 53 53 53 
2 0.9 2500.0 2500 2500 2500 0.0 0 0 0 53.026 53 53 53 
2 0.91 2500.0 2500 2500 2500 0.0 0 0 0 53.019 53 53 53 
2 0.92 2500.0 2500 2500 2500 0.0 0 0 0 53.016 53 53 53 
2 0.93 2500.0 2500 2500 2500 0.0 0 0 0 53.013 53 53 53 
2 0.94 2500.0 2500 2500 2500 0.0 0 0 0 53.007 53 53 53 
2 0.95 2500.0 2500 2500 2500 0.0 0 0 0 53.007 53 53 53 
2 0.96 2500.0 2500 2500 2500 0.0 0 0 0 53.003 53 53 53 
2 0.97 2500.0 2500 2500 2500 0.0 0 0 0 53.002 53 53 53 
2 0.98 2500.0 2500 2500 2500 0.0 0 0 0 53.001 53 53 53 
2 0.99 2500.0 2500 2500 2500 0.0 0 0 0 53.0 53 53 53 
2 1.0 2500.0 2500 2500 2500 0.0 0 0 0 53.0 53 53 53 
